000019.jpg 231 88 483 256 7 11 113 266 259 7
000016.jpg 92 72 305 473 1
000009.jpg 69 172 270 330 12 150 141 229 284 14 285 201 327 331 14 258 198 297 329 14
000023.jpg 9 230 245 500 1 230 220 334 500 1 2 1 117 369 14 3 2 243 462 14 225 1 334 486 14
000012.jpg 156 97 351 270 6
000020.jpg 33 148 371 416 6
000005.jpg 263 211 324 339 8 165 264 253 372 8 241 194 295 299 8
000007.jpg 141 50 500 330 6
000021.jpg 1 235 182 388 11 210 36 336 482 14 46 82 170 365 14 11 181 142 419 14
000017.jpg 185 62 279 199 14 90 78 403 336 12
